{"id":"2zs36","name":"Bedroom 2","description":null,"image4k":"https://d2xsg7d4c6iu77.cloudfront.net/lite_room/2zs36/photo_4k.11z0u5arbz3r.bin","thumbnail":"https://d2xsg7d4c6iu77.cloudfront.net/lite_room/2zs36/photo_512.z430a9s4bij.bin","roomTexture":"https://d2xsg7d4c6iu77.cloudfront.net/lite_room/2zs36/photo_fhd.g2s936dkgaw.bin","category":{"id":"1e7ck","name":"bedroom","default":false},"visitorRoom":false,"maskTexture":"https://d2xsg7d4c6iu77.cloudfront.net/lite_room/2zs36/mask_original.1bdnplvpumj.bin","lightTexture":"https://d2xsg7d4c6iu77.cloudfront.net/lite_room/2zs36/light_original.nnyyap8c0ln.bin","lightOperation":"OVERLAY","ambientLight":"0.7","cotFov2":null,"verticalFov":39.78146693387713,"operatorAltitude":0,"hasFullScale":true,"vectors":null,"rugs":null,"floors":[{"id":1,"rotation":[[0.9303314685821533,0,-0.36671972274780273],[-0.010239394381642342,0.9996101260185242,-0.02597632445394993],[0.36657676100730896,0.027921579778194427,0.9299687147140503]],"translation":[-1.780950639593632,-0.7135412190106497,-3.2538860808328858],"hot_point":[0.44583332538604736,0.8777777552604675],"width":7.10656213760376,"height":7.10656213760376}],"walls":[{"id":31,"rotation":[[-4.063734367596799e-8,0.930331480731508,0.36671969671660426],[0.9996101171413819,-0.01023934950912536,0.025976324417102382],[0.027921563505486652,0.3665767200485457,-0.929968760018238]],"translation":[0.63569585655127,-4.514688338396127,4.1441467656921915],"hot_point":[0.14374999701976776,0.24444444477558136],"width":2.7138023536598617,"height":1.986722234776889},{"id":32,"rotation":[[1.5552434481980847e-8,-0.36671973469712965,0.9303314657602776],[0.9996101177957656,-0.025976281606024307,-0.010239394233070732],[0.027921540078145353,0.9299687462369858,0.36657675679463525]],"translation":[0.6365186329017593,-5.053199418755463,-1.7808120476329123],"hot_point":[0.3791666626930237,0.1259259283542633],"width":2.723325901188282,"height":5.6952177599123415}],"countertops":null,"rugPosition":null,"shoppableHotpoint":[],"environmentMap":null}